"NAZEV" "fc" "fXc" "fYc" "fZc" "fXYc_int" "fXZc_int" "fYZc_int" "fXYZc_int"
"1" "Benesov" 1818515.4552667 169407.400411756 314157.733456029 348330.679561455 100224.945693231 311155.763069241 246832.307669643 328406.625405343
"2" "Beroun" 1824583.83916258 204128.657428055 272549.416234294 112891.987090181 157215.565176994 330266.600576001 335762.550787374 411769.061869684
"3" "Blansko" 2148903.98568599 282331.970666306 324356.44205793 424489.460467528 255236.814325793 347544.092880912 210932.804075077 304012.401212449
"4" "Breclav" 2224623.06824747 156221.21115801 758480.2665928 267741.858797821 160580.521147999 153486.215280145 431088.996917975 297023.998352724
"5" "Brno Mesto" 1313226.66052876 69561.0237850591 330271.361381289 4829.82889660379 248046.931364526 202873.317978884 96258.068534639 361386.128587763
"6" "Brno Venkov" 2085023.71594254 318547.181184351 607368.388248515 189377.069636379 249078.413256563 143741.973152084 226135.162254097 350775.528210551
"7" "Bruntal" 1815727.5922669 179169.513667864 182700.617354677 196897.328408693 206089.066064236 305467.155012209 282218.908511153 463185.003248068
"8" "Cheb" 2204023.92292675 296708.499458479 462393.857120418 241879.943217608 242668.812931263 448881.473588491 176603.752631107 334887.583979388
"9" "Chomutov" 2690045.28497025 464325.483400504 593231.806599692 629729.491666443 78892.6748299134 328498.143343463 229316.918833043 366050.766297195
"10" "Chrudim" 1914269.54296206 332501.903216649 304689.683924161 339450.946054643 119396.708714956 315606.35985865 198968.156051776 303655.785141228
"11" "Ceska Lipa" 2354429.93025943 165667.004357763 371238.663613941 407125.099398329 132468.827584776 482711.727701011 436977.149145534 358241.458458072
"12" "Ceske Budejovice" 2048370.86017527 220623.888039525 492083.633335511 326523.391904416 249252.927232295 203384.93793221 304311.507028167 252190.574703148
"13" "Cesky Krumlov" 2141505.41817902 243308.178535225 715126.595001578 334977.450039127 220157.14859079 82386.6503675204 316175.94092037 229373.454724413
"14" "Decin" 2742434.20236994 537510.412671383 348097.85444718 366922.279596423 113691.399382095 795032.161973059 161074.903695281 420105.190604523
"15" "Domazlice" 2396306.57717186 525960.270944175 478770.323851463 283590.235240094 147008.883415871 235999.184347674 302484.949786284 422492.729586304
"16" "Frydek-Mistek" 1345490.81269218 123538.859789023 206871.32226113 102292.888181679 199500.801430694 200283.428787207 218420.694546807 294582.817695639
"17" "Havlickuv Brod" 2351297.27641788 333954.908203828 238413.461118673 407048.301852272 176444.138129827 298793.502317411 443311.036399204 453331.928396667
"18" "Hlavni mesto Praha" 1970029.26178838 238138.625792091 316010.880983764 160727.981534821 323149.099037521 402978.950954924 212775.540003776 316248.183481487
"19" "Hodonin" 2587461.2148061 149153.20015704 686647.939333978 465064.418001682 152666.211709951 254839.539933607 529971.609787546 349118.295882297
"20" "Hradec Kralove" 1747033.57099349 106293.25964279 312966.160488541 192382.052349903 138527.189662808 352473.534287891 273109.921677086 371281.452884467
"21" "Jablonec nad Nisou" 2554898.27390583 98597.1453866373 651981.740277003 443589.210507348 153033.374905138 315109.639240398 683669.736760294 208917.426829014
"22" "Jesenik" 1988255.40483089 185511.753662813 471037.994951315 183188.370290387 304581.731397241 225105.477473976 315128.788215781 303701.28883938
"23" "Jicin" 1847327.06157041 135633.07353442 422024.571321349 245512.412982891 170150.436155637 197469.795502391 371882.566451016 304654.205622701
"24" "Jihlava" 2506814.61216981 318415.2058341 288158.806732341 745567.136047802 229847.010450605 241324.595741986 241244.638889909 442257.218473068
"25" "Jindrichuv Hradec" 2362551.55503836 276854.790557654 693864.14911343 341892.110673039 296033.317033026 143471.391399852 326877.23676186 283558.559499498
"26" "Karlovy Vary" 2777428.94870895 260300.659875476 268423.066572961 944905.292298011 279000.632771523 395800.842913629 432321.017882796 196677.436394558
"27" "Karvina" 1191273.00569045 97422.886432232 233383.278688905 58052.1510544955 286287.477828796 108877.356835448 152347.67104065 254902.183809923
"28" "Kladno" 1846258.56844164 106937.999374395 344821.501046622 268443.83361493 100798.70012792 180888.125335103 430671.866111588 413696.542831084
"29" "Klatovy" 2014837.70230099 211860.672640095 357907.706123899 299906.504894175 147564.518565852 273561.759480302 366478.594882764 357557.945713907
"30" "Kolin" 2079012.72441086 156297.51776373 199999.233473468 189998.180038586 249714.64352084 653773.841400373 267594.541254912 361634.766958949
"31" "Kromeriz" 1732059.03209414 136756.838114875 379832.950334187 60806.2087410755 285932.042989766 222385.522446131 286141.993720445 360203.475747656
"32" "Kutna Hora" 2557019.27569059 246993.14658933 172015.434090178 321186.070137351 230352.564266432 756210.810158211 481222.923311352 349038.327137737
"33" "Liberec" 2481667.04520426 216466.404501274 706580.693920315 210484.05594629 238148.490261822 395621.387863841 345020.369493928 369345.643216786
"34" "Litomerice" 2538847.66835972 101206.227674357 719596.371479311 274930.327144577 173106.460364076 233466.071995109 581792.505989301 454749.703712982
"35" "Louny" 2851269.3270452 152333.438040035 720429.681620519 610769.664524493 100877.736049022 418643.081229402 495026.010160452 353189.715421273
"36" "Melnik" 1906735.02603918 72694.4257225809 296328.799991857 214826.308333409 98660.3680050654 495921.150935077 342575.472248593 385728.500802595
"37" "Mlada Boleslav" 1653792.25988095 79013.4785791666 239365.271727641 176163.706684932 243574.120387549 218383.649949564 379791.140782579 317500.891769515
"38" "Most" 2074458.6056488 221562.219237225 211090.514371178 365665.423499516 167203.469007028 631024.092158562 154161.453164643 323751.434210652
"39" "Nachod" 2194351.47973236 228527.988844942 337020.786378582 363738.867102648 226693.65002755 472218.632544993 268630.080063623 297521.474770027
"40" "Novy Jicin" 1489023.59444016 105236.374013633 322349.122572655 166464.977425484 198491.517436373 172922.295486499 187437.366806119 336121.940699395
"41" "Nymburk" 1913682.7984305 162082.585328862 500521.932826958 138415.825400847 262801.686718835 278600.802082014 225698.763625459 345561.202447528
"42" "Olomouc" 1853998.29474593 127735.612598007 703581.015143308 200432.58425112 169295.337541651 87519.7270941036 326502.034165017 238931.983952725
"43" "Opava" 1162664.005404 100350.866638934 206547.796127833 129710.983619222 146335.122476867 133781.231106117 203154.750831861 242783.254603167
"44" "Ostrava-mesto" 770459.164702116 35352.2832684749 63719.4511158057 34257.647462081 142275.924383098 118931.352655894 137789.619710632 238132.886106131
"45" "Pardubice" 1510484.69209998 90942.0089679429 249134.329738378 81575.6024064833 190897.728213661 307795.193207924 209333.124511498 380806.705054094
"46" "Pelhrimov" 1921513.64680896 369729.747029081 341207.916002865 289555.26803423 178809.901836784 267350.430037598 177599.579096289 297260.804772113
"47" "Pisek" 1906311.99905103 201532.268086461 290671.628737386 418501.607774893 69715.7452676677 295400.634236129 356061.166680628 274428.948267866
"48" "Plzen-jih" 1935644.58591463 108429.458545172 609472.664396283 259506.987935913 147348.506512779 160118.427964411 360537.196239201 290231.344320875
"49" "Plzen-mesto" 2032183.11705146 197118.843236086 20322.5316661118 159307.150297 58422.6280126871 804983.984007205 252394.696615183 539633.283217186
"50" "Plzen-sever" 2076532.47399621 280930.74827148 242549.835989335 328714.522445469 159593.321038893 425592.463331809 288404.461794731 350747.121124494
"51" "Prachatice" 2299412.81475888 433670.850474605 381450.860494172 407606.199856257 173456.818623826 301778.508568041 267905.075394606 333544.501347372
"52" "Praha-vychod" 1554636.66873469 81434.3126647094 296590.322209187 196054.220138585 125380.291200885 263963.522433275 258651.375090599 332562.624997452
"53" "Praha-zapad" 903115.963013335 49708.5185330674 117027.15843813 88784.7077089614 97804.4308091582 148795.301323925 139940.71313824 261055.133061852
"54" "Prerov" 1327755.9856826 53180.8285364311 315230.604572748 179158.743020034 71301.6303690839 113323.706027604 314253.415594837 281307.057561865
"55" "Pribram" 2699976.36787982 246613.504796936 119861.569281471 919757.763918776 74071.1676686259 332915.454653528 573904.072682481 432852.834877999
"56" "Prostejov" 1242237.31279519 114207.082789776 197831.08276195 196929.320646101 101841.207483321 198442.329729419 183595.540712905 249390.748671724
"57" "Rakovnik" 2730321.62842229 63113.9295733875 840399.894393634 467875.533524939 43120.0178471688 214291.585024791 665309.751402317 436210.916656055
"58" "Rokycany" 1455246.52479412 139368.274819078 281217.757568249 135817.934826133 130404.61621197 212880.646190789 216421.195455024 339136.099722873
"59" "Rychnov nad Kneznou" 1920431.28190288 101992.845149939 453646.409888902 261120.5300781 100085.146048816 311846.676822525 311426.275133628 380313.39878097
"60" "Semily" 2429512.07695322 325334.980297155 707544.018920793 290000.280904961 196326.774346449 312725.664486869 288596.34858846 308984.009408532
"61" "Sokolov" 2271232.26599253 243232.115165638 636124.016042188 353110.822082652 382550.632160454 112156.048517505 300389.254270895 243669.377753198
"62" "Strakonice" 2281244.57791951 169986.387512012 601466.584177731 412730.848713298 127846.950512181 282917.658075925 374094.478051119 312201.670877247
"63" "Svitavy" 1978434.78568071 155347.413690158 434106.765204821 231910.007536235 181138.887331705 238817.645521828 391549.842876532 345564.223519426
"64" "Sumperk" 2010270.80161292 253638.055212715 493558.922911222 239520.011805197 257859.75602269 234487.947266333 227396.150211736 303809.958183023
"65" "Tabor" 1970417.78312559 314154.774230054 432380.024953209 241739.528285723 289054.152786025 135054.746269689 255005.381276683 303029.175324212
"66" "Tachov" 2595195.07365132 896014.683531413 122369.034373448 450361.830062667 174630.110101543 586375.042321384 158982.154718526 206462.21854234
"67" "Teplice" 2647887.79392237 855539.739319417 229947.517978268 403967.194111061 130901.268719039 599237.470861465 161077.553406618 267217.049526497
"68" "Trebic" 2286397.66817835 510041.112496826 153275.037767382 360100.297933526 127550.892745202 255328.030327463 422813.737731198 457288.559176751
"69" "Trutnov" 2606847.12232407 123694.786320323 602290.628414073 750601.140573675 186418.770854924 188853.870901429 488302.88486125 266685.040398392
"70" "Uherske Hradiste" 2365471.03696183 215469.93123386 649592.828252058 262183.046002456 204242.023003747 169814.636974595 427509.599069423 436658.972425692
"71" "Usti nad Labem" 2502959.26056837 203909.647512444 250129.048159423 926985.56605939 91933.3556409003 401239.660010641 282253.868656571 346508.114529004
"72" "Usti nad Orlici" 1762008.60130533 178121.497512253 348208.683752094 199882.538255383 128709.532440833 283319.628409901 267961.474978041 355805.245956824
"73" "Vsetin" 1371632.60897931 90932.3975139704 348112.927702996 104944.336476174 129289.612318253 194136.290277793 148404.674206503 355812.37048362
"74" "Vyskov" 953629.806133149 61735.4646354075 192033.89116765 95279.6267167385 119593.911491311 68718.1010817858 214526.48639206 201742.324648197
"75" "Zlin" 1663421.51776272 187464.887679147 333243.787787599 108230.984326812 214183.598320138 263415.914389168 219793.328850147 337089.016409711
"76" "Znojmo" 2256712.16237493 42846.8214664383 908396.064241291 338937.022091212 100114.505517678 108416.613231342 412451.913003184 345549.222823786
"77" "Zdar nad Sazavou" 2428625.27007189 534924.546659076 268211.038174313 275162.414712126 234154.243915325 348879.302500839 284751.309590526 482542.414519681
